

;drucker.zeichen.prg ==0801==
   10 rem ********************************
   20 rem * definition eines neuen       *
   30 rem * zeichensatzes fuer epson und *
   40 rem * kompatible drucker           *
   50 rem * (c) markt & technik (aw)     *
   60 rem ********************************
   70 open1,4
   80 print#1,chr$(27);":";chr$(0);chr$(0);chr$(0);
   90 rem * rom character in ram kopieren *
  100 print#1,chr$(27);"%";chr$(1);chr$(0);
  110 rem * selbstdefinierte zeichen ein *
  120 print#1,chr$(27);"&";chr$(0);"az";
  130 rem * definiere neue zeichen ein *
  140 forf=1to26
  150 print#1,chr$(139);
  160 for n=1to11
  170 reada
  180 print#1,chr$(a);
  190 nextn
  200 data 15,0,255,0,136,0,136,0,255,0,0
  210 data 15,0,255,0,137,0,138,0,252,0,0
  220 data 15,0,255,0,129,0,129,0,129,0,0
  230 data 15,0,255,0,129,0,130,0,124,0,0
  240 data 15,0,255,0,137,0,137,0,137,0,0
  250 data 15,0,255,0,136,0,136,0,136,0,0
  260 data 15,0,255,0,129,0,137,0,143,0,0
  270 data 15,0,255,0,8,0,8,0,255,0,0
  280 data 0,0,0,0,15,0,255,0,0,0,0
  290 data 135,0,135,0,131,0,132,0,248,0,0
  300 data 15,0,255,0,8,0,20,0,227,0,0
  310 data 15,0,255,0,1,0,1,0,1,0,0
  320 data 255,0,128,0,248,0,128,0,255,0,0
  330 data 15,0,255,0,48,0,12,0,255,0,0
  340 data 15,0,255,0,129,0,129,0,255,0,0
  350 data 15,0,255,0,136,0,136,0,240,0,0
  360 data 15,0,251,0,133,0,131,0,254,0,0
  370 data 15,0,255,0,136,0,142,0,243,0,0
  380 data 7,0,231,0,145,0,145,0,159,0,0
  390 data 128,0,143,0,255,0,128,0,128,0,0
  400 data 15,0,255,0,1,0,1,0,255,0,0
  410 data 240,0,15,0,3,0,12,0,240,0,0
  420 data 255,0,1,0,31,0,1,0,255,0,0
  430 data 7,0,247,0,28,0,20,0,227,0,0
  440 data 192,0,63,0,31,0,32,0,192,0,0
  450 data 15,0,143,0,137,0,145,0,225,0,0
  460 nextf
  470 print#1,chr$(27);"&";chr$(0);"09";
  480 forq=0to9
  490 print#1,chr$(139);
  500 for t=1to11
  510 read a
  520 print#1,chr$(a);
  530 nextt
  540 data15,0,255,0,129,0,129,0,255,0,0
  550 data129,0,129,0,255,0,15,0,1,0,0
  560 data15,0,143,0,137,0,137,0,249,0,0
  570 data137,0,137,0,137,0,255,0,15,0,0
  580 data248,0,8,0,8,0,15,0,63,0,0
  590 data249,0,137,0,137,0,143,0,15,0,0
  600 data15,0,255,0,137,0,137,0,143,0,0
  610 data131,0,134,0,140,0,152,0,240,0,0
  620 data15,0,255,0,137,0,137,0,255,0,0
  630 data249,0,137,0,137,0,255,0,15,0,0
  640 nextq
  650 print#1,"1234567890 abcdefghijklmnopqrstuvwxyz"
  660 close1

