# SH8605 -- the paper-yellowing field for paper class `low`
# read and applied by r005_masters_sheet.py; measured by r005_field.py
# the grade this class is separated with: /Users/mist/Documents/git/64er-magazin.de/issues/SH8605/colors.txt
# measured 2026-10-08 by r005_field.py
#
# 190 page(s) of class `low` fitted; 2 rejected, 0 without a scan or thumb
# pages: 003 004 005 006 007 008 009 010 011 012 013 014 015 016 017 018 019 020 021 022 023 024 025 026 027 028 029 030 031 032 033 034 036 037 038 039 040 041 042 043 044 045 046 047 048 049 050 051 052 053 054 055 056 057 058 059 060 061 062 063 064 065 066 067 068 069 070 071 072 073 074 075 076 077 078 079 080 081 082 083 084 085 086 087 088 089 090 091 092 093 094 095 096 097 098 099 100 101 102 103 104 105 106 107 108 109 110 111 112 113 114 115 116 117 118 119 120 121 122 123 124 125 126 127 128 129 130 131 132 133 134 135 136 137 138 139 140 141 142 143 144 145 146 147 148 149 150 151 152 153 154 155 156 157 158 159 160 161 162 163 164 165 166 167 168 169 170 171 172 173 174 175 176 177 178 179 180 181 182 183 184 185 186 187 188 189 190 191 192 194
# traced pages (on the thumbs) 208.9-210.3 x 296.3-296.9 mm, p10-p90 -- spread 1.4 mm, allowed 10
#
# METHOD -- measured on the RAW levelled scans at 600 dpi, never on the graded page (the grade clips most of
# the paper to 255 and the signal is gone).  Each page's own TRACED PAGE BOX is the anchor:
# the block grid is 53 x 75 blocks of 4 mm centred on the traced page centre and masked to
# the traced page.  Paper per block = the mean RGB of its brightest 15 %.  The INK coverage
# is regressed OUT as a covariate rather than filtered out (log paper = c + page + v_row + h_col + b(ink)),
# b non-parametric over 24 coverage bins, and the field is read at b(ink = 0) = clean substrate.
# The four half-profiles are monotone outward from the page centre by construction and are
# normalised to a centre gain of exactly 1.0; the versos were mirrored into recto orientation
# before pooling, and r005_masters_sheet.py mirrors them back by page parity.
#
# the ink term, per channel:
#   R: clean-paper level exp(c) = 213.9 DN; ink term b(ink) in DN at a 200 level: 0.00:+0.0 0.05:-2.4 0.14:-4.8 0.21:-6.6 0.25:-7.4 0.29:-8.3
#   G: clean-paper level exp(c) = 190.2 DN; ink term b(ink) in DN at a 200 level: 0.00:+0.0 0.05:-2.2 0.14:-4.4 0.21:-6.0 0.25:-6.8 0.29:-7.7
#   B: clean-paper level exp(c) = 177.4 DN; ink term b(ink) in DN at a 200 level: 0.00:+0.0 0.05:-2.1 0.14:-4.1 0.21:-5.5 0.25:-6.1 0.29:-7.0
#
# half-page: 104.37 x 148.34 mm (median of the class's traced boxes, halved)
# centre-paper / ink-floor below are the class MEDIANS of the per-page anchors; a page that
# cannot measure its own falls back on them.
#
# fitted gain at distance e from the page edge, per channel:
#   e mm |      gutter        |        fore        |        top         |       bottom
#        |   R      G      B  |   R      G      B  |   R      G      B  |   R      G      B
#    0.5 | 1.0254 1.0627 1.0744 | 1.0520 1.1477 1.1866 | 1.0464 1.1744 1.2344 | 1.0363 1.2357 1.3523 |
#      2 | 1.0253 1.0626 1.0742 | 1.0518 1.1473 1.1862 | 1.0441 1.1688 1.2263 | 1.0355 1.2288 1.3401 |
#      6 | 1.0040 1.0334 1.0508 | 1.0055 1.0729 1.0945 | 1.0308 1.1313 1.1725 | 1.0272 1.1735 1.2488 |
#     12 | 1.0040 1.0243 1.0374 | 1.0052 1.0299 1.0429 | 1.0114 1.0594 1.0807 | 1.0192 1.1107 1.1520 |
#     25 | 1.0040 1.0214 1.0275 | 1.0052 1.0097 1.0120 | 1.0076 1.0160 1.0207 | 1.0089 1.0358 1.0480 |
#     50 | 1.0040 1.0096 1.0116 | 1.0052 1.0051 1.0045 | 1.0022 1.0031 1.0039 | 1.0004 1.0050 1.0082 |
#
# rejected:
#   p035  the trace matched no page class, so there is no traced page to anchor a field on
#   p193  traced page 204.2 x 297.1 mm is outside the 205-212 x 293-301 mm a field can be anchored on
version 1
mode fitted
step-mm 0.50
half-page-mm 104.37 148.34
centre-paper 211.4 188.2 175.9
ink-floor 27.4 23.8 23.6
gain R gutter 1.00000 1.00003 1.00007 1.00010 1.00014 1.00018 1.00022 1.00026 1.00030 1.00035 1.00039 1.00044 1.00049 1.00054 1.00059 1.00064 1.00070 1.00075 1.00081 1.00087 1.00093 1.00099 1.00105 1.00111 1.00117 1.00124 1.00130 1.00137 1.00143 1.00150 1.00157 1.00164 1.00170 1.00177 1.00184 1.00191 1.00198 1.00205 1.00212 1.00219 1.00226 1.00233 1.00240 1.00247 1.00254 1.00261 1.00267 1.00274 1.00280 1.00287 1.00293 1.00299 1.00305 1.00311 1.00317 1.00322 1.00327 1.00333 1.00337 1.00342 1.00347 1.00351 1.00355 1.00359 1.00363 1.00366 1.00370 1.00373 1.00375 1.00378 1.00381 1.00383 1.00385 1.00387 1.00388 1.00390 1.00391 1.00392 1.00393 1.00394 1.00395 1.00396 1.00397 1.00397 1.00398 1.00398 1.00398 1.00399 1.00399 1.00399 1.00399 1.00399 1.00399 1.00399 1.00400 1.00400 1.00400 1.00400 1.00400 1.00400 1.00400 1.00400 1.00400 1.00400 1.00400 1.00400 1.00400 1.00400 1.00400 1.00400 1.00400 1.00400 1.00400 1.00400 1.00400 1.00400 1.00400 1.00400 1.00400 1.00400 1.00400 1.00400 1.00400 1.00400 1.00400 1.00400 1.00400 1.00400 1.00400 1.00400 1.00400 1.00400 1.00400 1.00400 1.00400 1.00400 1.00400 1.00400 1.00400 1.00400 1.00400 1.00400 1.00400 1.00400 1.00400 1.00400 1.00400 1.00400 1.00400 1.00400 1.00400 1.00400 1.00400 1.00400 1.00400 1.00400 1.00400 1.00400 1.00400 1.00400 1.00400 1.00400 1.00400 1.00400 1.00400 1.00400 1.00400 1.00400 1.00400 1.00400 1.00400 1.00400 1.00400 1.00400 1.00400 1.00400 1.00400 1.00400 1.00400 1.00400 1.00400 1.00400 1.00400 1.00400 1.00400 1.00400 1.00400 1.00400 1.00400 1.00400 1.00400 1.00400 1.00400 1.00400 1.00400 1.00400 1.00400 1.00400 1.00407 1.00446 1.00601 1.00985 1.01590 1.02199 1.02500 1.02540 1.02541 1.02541 1.02541 1.02541
gain R fore 1.00000 1.00004 1.00009 1.00014 1.00018 1.00023 1.00029 1.00034 1.00040 1.00046 1.00052 1.00058 1.00064 1.00071 1.00077 1.00084 1.00091 1.00099 1.00106 1.00114 1.00121 1.00129 1.00137 1.00145 1.00154 1.00162 1.00170 1.00179 1.00188 1.00197 1.00205 1.00214 1.00223 1.00233 1.00242 1.00251 1.00260 1.00269 1.00278 1.00288 1.00297 1.00306 1.00315 1.00324 1.00333 1.00342 1.00350 1.00359 1.00368 1.00376 1.00384 1.00392 1.00400 1.00408 1.00415 1.00422 1.00429 1.00436 1.00443 1.00449 1.00455 1.00461 1.00466 1.00471 1.00476 1.00480 1.00485 1.00489 1.00492 1.00496 1.00499 1.00502 1.00505 1.00507 1.00509 1.00511 1.00513 1.00515 1.00516 1.00517 1.00518 1.00519 1.00520 1.00521 1.00521 1.00522 1.00522 1.00523 1.00523 1.00523 1.00524 1.00524 1.00524 1.00524 1.00524 1.00524 1.00524 1.00524 1.00524 1.00524 1.00524 1.00524 1.00524 1.00524 1.00524 1.00524 1.00524 1.00524 1.00524 1.00524 1.00524 1.00524 1.00524 1.00524 1.00524 1.00524 1.00524 1.00524 1.00524 1.00524 1.00524 1.00524 1.00524 1.00524 1.00524 1.00524 1.00524 1.00524 1.00524 1.00524 1.00524 1.00524 1.00524 1.00524 1.00524 1.00524 1.00524 1.00524 1.00524 1.00524 1.00524 1.00524 1.00524 1.00524 1.00524 1.00524 1.00524 1.00524 1.00524 1.00524 1.00524 1.00524 1.00524 1.00524 1.00524 1.00524 1.00524 1.00524 1.00524 1.00524 1.00524 1.00524 1.00524 1.00524 1.00524 1.00524 1.00524 1.00524 1.00524 1.00524 1.00524 1.00524 1.00524 1.00524 1.00524 1.00524 1.00524 1.00524 1.00524 1.00524 1.00524 1.00524 1.00524 1.00524 1.00524 1.00524 1.00524 1.00524 1.00524 1.00524 1.00524 1.00524 1.00524 1.00525 1.00526 1.00530 1.00539 1.00557 1.00594 1.00703 1.01052 1.01878 1.03168 1.04470 1.05117 1.05203 1.05204 1.05204 1.05204 1.05204
gain R top 1.00000 1.00000 1.00001 1.00001 1.00002 1.00002 1.00003 1.00003 1.00003 1.00004 1.00004 1.00005 1.00006 1.00006 1.00007 1.00007 1.00008 1.00008 1.00009 1.00010 1.00010 1.00011 1.00011 1.00012 1.00013 1.00013 1.00014 1.00015 1.00016 1.00016 1.00017 1.00018 1.00018 1.00019 1.00020 1.00021 1.00022 1.00022 1.00023 1.00024 1.00025 1.00026 1.00026 1.00027 1.00028 1.00029 1.00030 1.00031 1.00031 1.00032 1.00033 1.00034 1.00035 1.00036 1.00037 1.00038 1.00038 1.00039 1.00040 1.00041 1.00042 1.00043 1.00044 1.00044 1.00045 1.00046 1.00047 1.00048 1.00049 1.00050 1.00050 1.00051 1.00052 1.00053 1.00054 1.00054 1.00055 1.00056 1.00057 1.00057 1.00058 1.00059 1.00060 1.00060 1.00061 1.00062 1.00062 1.00063 1.00063 1.00064 1.00065 1.00065 1.00066 1.00066 1.00067 1.00067 1.00068 1.00068 1.00068 1.00069 1.00069 1.00069 1.00070 1.00070 1.00070 1.00071 1.00071 1.00071 1.00071 1.00072 1.00072 1.00072 1.00072 1.00072 1.00073 1.00073 1.00073 1.00073 1.00073 1.00073 1.00073 1.00074 1.00074 1.00074 1.00074 1.00074 1.00074 1.00074 1.00074 1.00075 1.00075 1.00075 1.00075 1.00075 1.00076 1.00076 1.00076 1.00077 1.00077 1.00077 1.00078 1.00078 1.00079 1.00079 1.00080 1.00081 1.00082 1.00082 1.00083 1.00084 1.00085 1.00086 1.00088 1.00089 1.00090 1.00092 1.00093 1.00095 1.00096 1.00098 1.00100 1.00102 1.00104 1.00106 1.00108 1.00110 1.00112 1.00115 1.00117 1.00119 1.00122 1.00125 1.00127 1.00130 1.00133 1.00136 1.00139 1.00142 1.00145 1.00148 1.00151 1.00154 1.00158 1.00161 1.00165 1.00169 1.00172 1.00176 1.00180 1.00184 1.00189 1.00193 1.00198 1.00203 1.00208 1.00213 1.00218 1.00224 1.00230 1.00236 1.00242 1.00249 1.00255 1.00262 1.00269 1.00277 1.00284 1.00292 1.00300 1.00308 1.00317 1.00325 1.00334 1.00343 1.00352 1.00361 1.00371 1.00380 1.00390 1.00400 1.00410 1.00420 1.00431 1.00441 1.00452 1.00463 1.00474 1.00486 1.00498 1.00510 1.00522 1.00534 1.00547 1.00560 1.00573 1.00587 1.00601 1.00615 1.00629 1.00644 1.00659 1.00674 1.00689 1.00705 1.00720 1.00736 1.00752 1.00768 1.00784 1.00800 1.00816 1.00833 1.00849 1.00866 1.00882 1.00899 1.00916 1.00933 1.00950 1.00966 1.00983 1.00998 1.01012 1.01025 1.01036 1.01045 1.01052 1.01057 1.01061 1.01066 1.01073 1.01087 1.01112 1.01157 1.01230 1.01337 1.01480 1.01658 1.01863 1.02085 1.02311 1.02526 1.02715 1.02871 1.03001 1.03115 1.03216 1.03291 1.03328 1.03348 1.03425 1.03686 1.04140 1.04538 1.04634 1.04636 1.04636 1.04636
gain R bottom 1.00000 1.00000 1.00000 1.00000 1.00000 1.00000 1.00000 1.00000 1.00000 1.00000 1.00000 1.00000 1.00000 1.00000 1.00000 1.00000 1.00000 1.00000 1.00000 1.00000 1.00000 1.00000 1.00000 1.00000 1.00000 1.00000 1.00000 1.00000 1.00000 1.00000 1.00000 1.00000 1.00000 1.00000 1.00000 1.00000 1.00000 1.00000 1.00000 1.00000 1.00000 1.00000 1.00000 1.00000 1.00000 1.00000 1.00000 1.00000 1.00000 1.00000 1.00000 1.00000 1.00000 1.00000 1.00000 1.00000 1.00000 1.00000 1.00000 1.00000 1.00000 1.00000 1.00000 1.00000 1.00000 1.00000 1.00000 1.00000 1.00000 1.00000 1.00000 1.00000 1.00000 1.00000 1.00000 1.00000 1.00000 1.00000 1.00000 1.00000 1.00000 1.00000 1.00000 1.00000 1.00000 1.00000 1.00000 1.00000 1.00000 1.00000 1.00000 1.00000 1.00000 1.00000 1.00000 1.00000 1.00000 1.00000 1.00000 1.00000 1.00000 1.00000 1.00000 1.00000 1.00000 1.00000 1.00000 1.00000 1.00000 1.00000 1.00000 1.00000 1.00000 1.00000 1.00000 1.00000 1.00000 1.00000 1.00000 1.00000 1.00000 1.00000 1.00000 1.00000 1.00000 1.00000 1.00000 1.00000 1.00000 1.00000 1.00000 1.00000 1.00000 1.00000 1.00000 1.00000 1.00000 1.00000 1.00000 1.00000 1.00000 1.00000 1.00000 1.00000 1.00000 1.00000 1.00000 1.00000 1.00000 1.00000 1.00000 1.00000 1.00000 1.00000 1.00000 1.00000 1.00000 1.00000 1.00000 1.00000 1.00000 1.00000 1.00000 1.00000 1.00000 1.00000 1.00000 1.00000 1.00000 1.00000 1.00000 1.00000 1.00001 1.00001 1.00001 1.00001 1.00001 1.00002 1.00002 1.00003 1.00003 1.00004 1.00005 1.00005 1.00006 1.00008 1.00009 1.00011 1.00013 1.00015 1.00017 1.00020 1.00023 1.00027 1.00031 1.00035 1.00040 1.00045 1.00050 1.00057 1.00063 1.00070 1.00078 1.00086 1.00094 1.00103 1.00112 1.00122 1.00132 1.00143 1.00154 1.00165 1.00177 1.00189 1.00201 1.00214 1.00227 1.00240 1.00254 1.00268 1.00283 1.00298 1.00313 1.00329 1.00346 1.00363 1.00382 1.00400 1.00420 1.00440 1.00462 1.00484 1.00507 1.00530 1.00555 1.00580 1.00606 1.00632 1.00659 1.00686 1.00714 1.00742 1.00770 1.00797 1.00825 1.00851 1.00877 1.00902 1.00925 1.00947 1.00967 1.00985 1.01002 1.01018 1.01032 1.01045 1.01058 1.01072 1.01086 1.01102 1.01121 1.01144 1.01172 1.01208 1.01252 1.01305 1.01367 1.01438 1.01517 1.01602 1.01691 1.01781 1.01868 1.01949 1.02017 1.02070 1.02106 1.02127 1.02140 1.02151 1.02172 1.02215 1.02297 1.02423 1.02589 1.02777 1.02958 1.03094 1.03160 1.03181 1.03209 1.03299 1.03456 1.03593 1.03625 1.03626 1.03626 1.03626
gain G gutter 1.00000 1.00006 1.00013 1.00019 1.00026 1.00034 1.00041 1.00049 1.00057 1.00065 1.00074 1.00083 1.00092 1.00101 1.00111 1.00121 1.00131 1.00141 1.00152 1.00162 1.00173 1.00185 1.00196 1.00208 1.00220 1.00232 1.00244 1.00256 1.00269 1.00281 1.00294 1.00307 1.00320 1.00333 1.00346 1.00359 1.00372 1.00386 1.00399 1.00412 1.00425 1.00439 1.00452 1.00465 1.00478 1.00491 1.00503 1.00516 1.00528 1.00541 1.00553 1.00565 1.00576 1.00588 1.00599 1.00610 1.00620 1.00630 1.00640 1.00650 1.00659 1.00668 1.00676 1.00684 1.00692 1.00700 1.00707 1.00713 1.00720 1.00726 1.00731 1.00737 1.00742 1.00746 1.00751 1.00755 1.00759 1.00763 1.00766 1.00770 1.00773 1.00776 1.00779 1.00783 1.00786 1.00789 1.00792 1.00795 1.00798 1.00802 1.00806 1.00810 1.00814 1.00819 1.00823 1.00829 1.00835 1.00841 1.00848 1.00855 1.00863 1.00871 1.00880 1.00890 1.00900 1.00912 1.00923 1.00936 1.00949 1.00963 1.00978 1.00993 1.01009 1.01026 1.01043 1.01060 1.01079 1.01097 1.01117 1.01136 1.01156 1.01177 1.01198 1.01219 1.01241 1.01262 1.01285 1.01307 1.01330 1.01353 1.01377 1.01400 1.01424 1.01449 1.01474 1.01499 1.01524 1.01550 1.01576 1.01602 1.01629 1.01656 1.01683 1.01711 1.01739 1.01767 1.01795 1.01824 1.01853 1.01882 1.01910 1.01939 1.01967 1.01995 1.02023 1.02049 1.02076 1.02101 1.02126 1.02150 1.02174 1.02197 1.02219 1.02242 1.02264 1.02285 1.02306 1.02326 1.02345 1.02363 1.02378 1.02392 1.02404 1.02413 1.02419 1.02424 1.02427 1.02429 1.02430 1.02431 1.02431 1.02431 1.02431 1.02431 1.02432 1.02432 1.02435 1.02441 1.02454 1.02482 1.02531 1.02610 1.02720 1.02856 1.03006 1.03153 1.03276 1.03357 1.03405 1.03473 1.03687 1.04201 1.05008 1.05819 1.06221 1.06274 1.06275 1.06275 1.06275 1.06275
gain G fore 1.00000 1.00004 1.00009 1.00013 1.00018 1.00023 1.00028 1.00033 1.00039 1.00044 1.00050 1.00056 1.00062 1.00068 1.00075 1.00082 1.00089 1.00096 1.00103 1.00110 1.00117 1.00125 1.00133 1.00141 1.00149 1.00157 1.00165 1.00173 1.00182 1.00190 1.00199 1.00208 1.00216 1.00225 1.00234 1.00243 1.00252 1.00261 1.00270 1.00278 1.00287 1.00296 1.00305 1.00314 1.00322 1.00331 1.00339 1.00348 1.00356 1.00364 1.00372 1.00380 1.00387 1.00395 1.00402 1.00409 1.00416 1.00422 1.00429 1.00435 1.00441 1.00446 1.00451 1.00456 1.00461 1.00465 1.00470 1.00473 1.00477 1.00480 1.00483 1.00486 1.00489 1.00491 1.00493 1.00495 1.00497 1.00498 1.00500 1.00501 1.00502 1.00503 1.00504 1.00505 1.00505 1.00506 1.00506 1.00507 1.00507 1.00507 1.00507 1.00508 1.00508 1.00508 1.00508 1.00508 1.00509 1.00509 1.00509 1.00509 1.00509 1.00510 1.00510 1.00510 1.00511 1.00511 1.00511 1.00512 1.00512 1.00512 1.00513 1.00513 1.00514 1.00514 1.00515 1.00516 1.00516 1.00517 1.00518 1.00519 1.00520 1.00521 1.00522 1.00524 1.00525 1.00527 1.00529 1.00532 1.00535 1.00538 1.00541 1.00545 1.00550 1.00555 1.00560 1.00566 1.00573 1.00580 1.00588 1.00596 1.00605 1.00615 1.00625 1.00635 1.00646 1.00658 1.00671 1.00684 1.00699 1.00715 1.00732 1.00750 1.00770 1.00793 1.00817 1.00844 1.00874 1.00907 1.00942 1.00980 1.01021 1.01065 1.01111 1.01159 1.01210 1.01264 1.01320 1.01379 1.01441 1.01508 1.01579 1.01655 1.01737 1.01824 1.01916 1.02014 1.02116 1.02222 1.02331 1.02440 1.02548 1.02653 1.02752 1.02844 1.02930 1.03011 1.03094 1.03187 1.03309 1.03486 1.03748 1.04123 1.04619 1.05219 1.05876 1.06515 1.07041 1.07375 1.07541 1.07707 1.08223 1.09499 1.11530 1.13599 1.14631 1.14768 1.14770 1.14770 1.14770 1.14770
gain G top 1.00000 1.00000 1.00000 1.00000 1.00000 1.00000 1.00000 1.00000 1.00001 1.00001 1.00001 1.00001 1.00001 1.00001 1.00001 1.00001 1.00001 1.00001 1.00001 1.00001 1.00002 1.00002 1.00002 1.00002 1.00002 1.00002 1.00002 1.00002 1.00002 1.00002 1.00003 1.00003 1.00003 1.00003 1.00003 1.00003 1.00003 1.00003 1.00003 1.00004 1.00004 1.00004 1.00004 1.00004 1.00004 1.00004 1.00005 1.00005 1.00005 1.00005 1.00005 1.00005 1.00006 1.00006 1.00006 1.00006 1.00006 1.00006 1.00007 1.00007 1.00007 1.00007 1.00007 1.00008 1.00008 1.00008 1.00008 1.00009 1.00009 1.00009 1.00009 1.00010 1.00010 1.00010 1.00011 1.00011 1.00011 1.00012 1.00012 1.00012 1.00013 1.00013 1.00014 1.00014 1.00015 1.00015 1.00016 1.00016 1.00017 1.00017 1.00018 1.00018 1.00019 1.00020 1.00020 1.00021 1.00022 1.00022 1.00023 1.00024 1.00025 1.00025 1.00026 1.00027 1.00028 1.00029 1.00030 1.00030 1.00031 1.00032 1.00033 1.00034 1.00035 1.00036 1.00037 1.00038 1.00039 1.00040 1.00042 1.00043 1.00044 1.00045 1.00046 1.00047 1.00049 1.00050 1.00051 1.00053 1.00054 1.00055 1.00057 1.00058 1.00060 1.00061 1.00063 1.00064 1.00066 1.00068 1.00070 1.00071 1.00073 1.00075 1.00077 1.00080 1.00082 1.00084 1.00086 1.00089 1.00092 1.00094 1.00097 1.00100 1.00103 1.00106 1.00109 1.00113 1.00116 1.00120 1.00124 1.00128 1.00132 1.00136 1.00140 1.00144 1.00149 1.00153 1.00158 1.00163 1.00168 1.00173 1.00178 1.00183 1.00188 1.00194 1.00199 1.00204 1.00210 1.00215 1.00221 1.00226 1.00232 1.00238 1.00243 1.00249 1.00254 1.00260 1.00265 1.00270 1.00275 1.00280 1.00285 1.00290 1.00295 1.00299 1.00303 1.00307 1.00311 1.00315 1.00318 1.00321 1.00324 1.00326 1.00329 1.00331 1.00333 1.00334 1.00336 1.00337 1.00339 1.00340 1.00341 1.00342 1.00344 1.00346 1.00348 1.00350 1.00353 1.00357 1.00362 1.00367 1.00375 1.00383 1.00394 1.00407 1.00422 1.00440 1.00460 1.00484 1.00511 1.00541 1.00575 1.00612 1.00652 1.00696 1.00743 1.00793 1.00846 1.00902 1.00960 1.01021 1.01085 1.01151 1.01220 1.01293 1.01370 1.01451 1.01538 1.01630 1.01728 1.01834 1.01947 1.02067 1.02196 1.02331 1.02475 1.02625 1.02780 1.02942 1.03108 1.03278 1.03452 1.03627 1.03805 1.03982 1.04160 1.04337 1.04515 1.04693 1.04875 1.05062 1.05262 1.05482 1.05735 1.06037 1.06407 1.06860 1.07403 1.08032 1.08734 1.09484 1.10253 1.10999 1.11679 1.12274 1.12800 1.13288 1.13730 1.14056 1.14217 1.14284 1.14472 1.15112 1.16222 1.17203 1.17439 1.17443 1.17443 1.17443
gain G bottom 1.00000 1.00000 1.00000 1.00000 1.00000 1.00000 1.00000 1.00000 1.00000 1.00000 1.00000 1.00000 1.00000 1.00000 1.00000 1.00000 1.00000 1.00000 1.00000 1.00000 1.00000 1.00000 1.00000 1.00000 1.00000 1.00000 1.00000 1.00000 1.00000 1.00000 1.00000 1.00000 1.00000 1.00000 1.00000 1.00000 1.00000 1.00000 1.00000 1.00000 1.00000 1.00000 1.00000 1.00000 1.00000 1.00000 1.00000 1.00000 1.00000 1.00000 1.00000 1.00000 1.00000 1.00000 1.00000 1.00000 1.00000 1.00000 1.00000 1.00000 1.00000 1.00000 1.00000 1.00000 1.00000 1.00000 1.00000 1.00000 1.00000 1.00000 1.00000 1.00000 1.00000 1.00000 1.00000 1.00000 1.00000 1.00000 1.00000 1.00000 1.00000 1.00000 1.00000 1.00000 1.00000 1.00000 1.00000 1.00000 1.00000 1.00000 1.00000 1.00000 1.00000 1.00000 1.00000 1.00000 1.00000 1.00000 1.00000 1.00000 1.00000 1.00000 1.00000 1.00000 1.00000 1.00000 1.00000 1.00000 1.00000 1.00000 1.00000 1.00000 1.00000 1.00000 1.00000 1.00000 1.00000 1.00001 1.00001 1.00001 1.00001 1.00001 1.00001 1.00001 1.00002 1.00002 1.00002 1.00002 1.00003 1.00003 1.00003 1.00004 1.00005 1.00005 1.00006 1.00007 1.00007 1.00008 1.00009 1.00011 1.00012 1.00013 1.00015 1.00016 1.00018 1.00020 1.00022 1.00025 1.00027 1.00030 1.00033 1.00036 1.00039 1.00043 1.00046 1.00050 1.00055 1.00059 1.00064 1.00068 1.00074 1.00079 1.00084 1.00090 1.00096 1.00103 1.00109 1.00116 1.00123 1.00130 1.00137 1.00145 1.00152 1.00160 1.00169 1.00177 1.00186 1.00195 1.00205 1.00214 1.00224 1.00235 1.00246 1.00257 1.00269 1.00282 1.00295 1.00309 1.00324 1.00340 1.00357 1.00375 1.00393 1.00413 1.00435 1.00457 1.00481 1.00507 1.00534 1.00562 1.00592 1.00624 1.00657 1.00691 1.00727 1.00764 1.00803 1.00843 1.00885 1.00928 1.00972 1.01017 1.01063 1.01110 1.01159 1.01208 1.01258 1.01309 1.01362 1.01415 1.01470 1.01525 1.01582 1.01640 1.01699 1.01760 1.01822 1.01886 1.01952 1.02019 1.02087 1.02158 1.02230 1.02304 1.02380 1.02457 1.02537 1.02619 1.02702 1.02789 1.02877 1.02969 1.03064 1.03164 1.03268 1.03378 1.03494 1.03617 1.03749 1.03890 1.04040 1.04199 1.04369 1.04549 1.04738 1.04937 1.05145 1.05362 1.05589 1.05827 1.06078 1.06343 1.06627 1.06932 1.07260 1.07615 1.07997 1.08406 1.08840 1.09296 1.09771 1.10257 1.10745 1.11226 1.11686 1.12116 1.12514 1.12886 1.13248 1.13621 1.14034 1.14523 1.15124 1.15861 1.16722 1.17655 1.18546 1.19213 1.19542 1.19658 1.19895 1.20685 1.22060 1.23277 1.23570 1.23575 1.23575 1.23575
gain B gutter 1.00000 1.00006 1.00012 1.00019 1.00025 1.00032 1.00040 1.00047 1.00055 1.00063 1.00071 1.00080 1.00089 1.00098 1.00107 1.00117 1.00127 1.00137 1.00147 1.00157 1.00168 1.00179 1.00190 1.00202 1.00213 1.00225 1.00237 1.00249 1.00261 1.00273 1.00286 1.00298 1.00311 1.00324 1.00337 1.00350 1.00363 1.00376 1.00389 1.00402 1.00415 1.00428 1.00441 1.00455 1.00468 1.00481 1.00494 1.00507 1.00519 1.00532 1.00545 1.00557 1.00570 1.00582 1.00594 1.00606 1.00617 1.00629 1.00640 1.00651 1.00662 1.00672 1.00683 1.00693 1.00703 1.00712 1.00722 1.00731 1.00740 1.00749 1.00757 1.00766 1.00774 1.00782 1.00790 1.00797 1.00805 1.00812 1.00820 1.00827 1.00834 1.00842 1.00849 1.00856 1.00863 1.00871 1.00878 1.00886 1.00894 1.00902 1.00911 1.00919 1.00928 1.00938 1.00948 1.00958 1.00969 1.00980 1.00992 1.01004 1.01017 1.01031 1.01046 1.01061 1.01077 1.01093 1.01111 1.01129 1.01148 1.01168 1.01188 1.01209 1.01231 1.01254 1.01277 1.01301 1.01325 1.01350 1.01376 1.01402 1.01428 1.01455 1.01482 1.01510 1.01538 1.01566 1.01594 1.01623 1.01652 1.01681 1.01711 1.01740 1.01770 1.01799 1.01829 1.01859 1.01890 1.01920 1.01951 1.01981 1.02012 1.02044 1.02075 1.02107 1.02140 1.02173 1.02207 1.02241 1.02277 1.02313 1.02351 1.02389 1.02430 1.02472 1.02516 1.02562 1.02609 1.02659 1.02712 1.02766 1.02822 1.02880 1.02940 1.03001 1.03063 1.03124 1.03185 1.03245 1.03301 1.03353 1.03401 1.03442 1.03476 1.03503 1.03524 1.03539 1.03549 1.03557 1.03563 1.03571 1.03582 1.03599 1.03623 1.03656 1.03699 1.03751 1.03812 1.03881 1.03958 1.04047 1.04150 1.04271 1.04412 1.04568 1.04733 1.04890 1.05018 1.05100 1.05142 1.05193 1.05360 1.05770 1.06418 1.07070 1.07392 1.07435 1.07435 1.07435 1.07435 1.07435
gain B fore 1.00000 1.00003 1.00007 1.00011 1.00015 1.00019 1.00023 1.00027 1.00032 1.00037 1.00042 1.00047 1.00052 1.00057 1.00062 1.00068 1.00074 1.00079 1.00085 1.00091 1.00098 1.00104 1.00110 1.00117 1.00124 1.00130 1.00137 1.00144 1.00151 1.00158 1.00165 1.00173 1.00180 1.00187 1.00194 1.00202 1.00209 1.00217 1.00224 1.00231 1.00239 1.00246 1.00253 1.00261 1.00268 1.00275 1.00282 1.00289 1.00296 1.00303 1.00309 1.00316 1.00322 1.00328 1.00334 1.00340 1.00346 1.00351 1.00356 1.00361 1.00366 1.00371 1.00375 1.00379 1.00383 1.00387 1.00390 1.00393 1.00396 1.00399 1.00402 1.00404 1.00406 1.00408 1.00410 1.00412 1.00413 1.00414 1.00416 1.00417 1.00418 1.00418 1.00419 1.00420 1.00421 1.00421 1.00422 1.00422 1.00423 1.00424 1.00424 1.00425 1.00426 1.00426 1.00427 1.00428 1.00429 1.00430 1.00431 1.00433 1.00434 1.00436 1.00438 1.00440 1.00442 1.00444 1.00446 1.00449 1.00452 1.00455 1.00458 1.00461 1.00464 1.00468 1.00472 1.00476 1.00480 1.00484 1.00488 1.00493 1.00498 1.00503 1.00508 1.00514 1.00519 1.00525 1.00532 1.00539 1.00546 1.00554 1.00562 1.00571 1.00580 1.00590 1.00601 1.00612 1.00624 1.00637 1.00651 1.00665 1.00680 1.00695 1.00712 1.00729 1.00747 1.00765 1.00785 1.00805 1.00827 1.00850 1.00875 1.00902 1.00930 1.00961 1.00995 1.01031 1.01071 1.01113 1.01159 1.01208 1.01261 1.01316 1.01375 1.01437 1.01501 1.01570 1.01642 1.01718 1.01800 1.01887 1.01982 1.02084 1.02195 1.02315 1.02444 1.02581 1.02726 1.02878 1.03038 1.03204 1.03376 1.03555 1.03740 1.03933 1.04135 1.04345 1.04568 1.04807 1.05072 1.05376 1.05737 1.06171 1.06684 1.07266 1.07893 1.08523 1.09098 1.09574 1.09972 1.10427 1.11242 1.12792 1.15074 1.17364 1.18505 1.18656 1.18658 1.18658 1.18658 1.18658
gain B top 1.00000 1.00000 1.00000 1.00000 1.00000 1.00000 1.00000 1.00000 1.00000 1.00000 1.00000 1.00000 1.00000 1.00000 1.00000 1.00000 1.00000 1.00000 1.00000 1.00000 1.00000 1.00000 1.00000 1.00000 1.00000 1.00000 1.00000 1.00000 1.00000 1.00000 1.00000 1.00000 1.00000 1.00000 1.00000 1.00000 1.00000 1.00000 1.00000 1.00000 1.00000 1.00000 1.00000 1.00000 1.00000 1.00000 1.00000 1.00000 1.00000 1.00000 1.00000 1.00000 1.00000 1.00001 1.00001 1.00001 1.00001 1.00001 1.00001 1.00001 1.00001 1.00001 1.00001 1.00001 1.00001 1.00002 1.00002 1.00002 1.00002 1.00002 1.00002 1.00003 1.00003 1.00003 1.00003 1.00004 1.00004 1.00004 1.00004 1.00005 1.00005 1.00006 1.00006 1.00006 1.00007 1.00007 1.00008 1.00008 1.00009 1.00009 1.00010 1.00011 1.00011 1.00012 1.00012 1.00013 1.00014 1.00015 1.00015 1.00016 1.00017 1.00018 1.00019 1.00020 1.00021 1.00022 1.00023 1.00024 1.00025 1.00026 1.00027 1.00028 1.00029 1.00031 1.00032 1.00033 1.00034 1.00035 1.00037 1.00038 1.00039 1.00041 1.00042 1.00044 1.00045 1.00047 1.00048 1.00050 1.00052 1.00053 1.00055 1.00057 1.00059 1.00060 1.00062 1.00064 1.00066 1.00069 1.00071 1.00073 1.00076 1.00078 1.00081 1.00083 1.00086 1.00089 1.00092 1.00096 1.00099 1.00102 1.00106 1.00110 1.00114 1.00118 1.00122 1.00127 1.00131 1.00136 1.00141 1.00146 1.00151 1.00157 1.00162 1.00168 1.00174 1.00180 1.00186 1.00193 1.00199 1.00206 1.00213 1.00219 1.00226 1.00233 1.00241 1.00248 1.00255 1.00262 1.00270 1.00277 1.00285 1.00292 1.00300 1.00307 1.00314 1.00322 1.00329 1.00336 1.00343 1.00349 1.00356 1.00362 1.00368 1.00374 1.00380 1.00385 1.00390 1.00395 1.00399 1.00403 1.00407 1.00411 1.00414 1.00416 1.00419 1.00421 1.00423 1.00425 1.00427 1.00429 1.00430 1.00432 1.00434 1.00436 1.00439 1.00442 1.00446 1.00451 1.00457 1.00464 1.00474 1.00485 1.00499 1.00516 1.00535 1.00558 1.00585 1.00616 1.00651 1.00690 1.00734 1.00782 1.00835 1.00892 1.00953 1.01018 1.01087 1.01160 1.01236 1.01315 1.01398 1.01484 1.01575 1.01669 1.01769 1.01875 1.01987 1.02107 1.02236 1.02373 1.02520 1.02678 1.02845 1.03022 1.03209 1.03405 1.03609 1.03820 1.04039 1.04264 1.04495 1.04730 1.04971 1.05216 1.05466 1.05719 1.05978 1.06242 1.06515 1.06798 1.07099 1.07424 1.07788 1.08207 1.08701 1.09287 1.09973 1.10755 1.11620 1.12544 1.13494 1.14426 1.15294 1.16077 1.16792 1.17470 1.18089 1.18548 1.18774 1.18870 1.19141 1.20063 1.21669 1.23092 1.23436 1.23441 1.23441 1.23441
gain B bottom 1.00000 1.00000 1.00000 1.00000 1.00000 1.00000 1.00000 1.00000 1.00000 1.00000 1.00000 1.00000 1.00000 1.00000 1.00000 1.00000 1.00000 1.00000 1.00000 1.00000 1.00000 1.00000 1.00000 1.00000 1.00000 1.00000 1.00000 1.00000 1.00000 1.00000 1.00000 1.00000 1.00000 1.00000 1.00000 1.00000 1.00000 1.00000 1.00000 1.00000 1.00000 1.00000 1.00000 1.00000 1.00000 1.00000 1.00000 1.00000 1.00000 1.00000 1.00000 1.00000 1.00000 1.00000 1.00000 1.00000 1.00000 1.00000 1.00000 1.00000 1.00000 1.00000 1.00000 1.00000 1.00000 1.00000 1.00000 1.00000 1.00000 1.00000 1.00000 1.00000 1.00000 1.00000 1.00000 1.00000 1.00000 1.00000 1.00000 1.00000 1.00000 1.00000 1.00000 1.00000 1.00000 1.00000 1.00000 1.00000 1.00000 1.00000 1.00000 1.00000 1.00000 1.00000 1.00000 1.00000 1.00000 1.00000 1.00000 1.00000 1.00000 1.00000 1.00000 1.00000 1.00000 1.00000 1.00000 1.00000 1.00000 1.00000 1.00000 1.00000 1.00000 1.00001 1.00001 1.00001 1.00001 1.00001 1.00001 1.00001 1.00002 1.00002 1.00002 1.00002 1.00003 1.00003 1.00004 1.00004 1.00005 1.00006 1.00007 1.00007 1.00009 1.00010 1.00011 1.00012 1.00014 1.00016 1.00018 1.00020 1.00022 1.00025 1.00028 1.00031 1.00034 1.00038 1.00042 1.00047 1.00051 1.00056 1.00062 1.00068 1.00074 1.00080 1.00088 1.00095 1.00103 1.00111 1.00120 1.00129 1.00139 1.00149 1.00159 1.00170 1.00182 1.00193 1.00206 1.00218 1.00231 1.00244 1.00258 1.00272 1.00286 1.00301 1.00316 1.00332 1.00348 1.00364 1.00381 1.00398 1.00416 1.00434 1.00452 1.00472 1.00492 1.00512 1.00533 1.00555 1.00578 1.00602 1.00627 1.00653 1.00680 1.00709 1.00739 1.00770 1.00802 1.00836 1.00872 1.00909 1.00947 1.00987 1.01029 1.01073 1.01118 1.01164 1.01212 1.01261 1.01312 1.01364 1.01418 1.01472 1.01529 1.01586 1.01644 1.01704 1.01765 1.01827 1.01891 1.01956 1.02023 1.02091 1.02161 1.02233 1.02307 1.02384 1.02462 1.02543 1.02627 1.02713 1.02801 1.02893 1.02987 1.03084 1.03184 1.03287 1.03393 1.03502 1.03614 1.03729 1.03849 1.03973 1.04102 1.04237 1.04379 1.04529 1.04689 1.04861 1.05044 1.05241 1.05453 1.05679 1.05920 1.06176 1.06447 1.06732 1.07031 1.07343 1.07668 1.08009 1.08366 1.08743 1.09142 1.09567 1.10021 1.10507 1.11027 1.11581 1.12166 1.12781 1.13421 1.14080 1.14749 1.15415 1.16068 1.16697 1.17300 1.17885 1.18470 1.19082 1.19756 1.20539 1.21482 1.22617 1.23931 1.25351 1.26709 1.27728 1.28232 1.28416 1.28823 1.30190 1.32582 1.34711 1.35225 1.35234 1.35234 1.35234
