

;listing 4.sprite.prg ==0801==
   10 data 0,  0,  0, 0,243,192, 3,253, 16
   11 data 3,214, 20, 3, 85, 84, 0, 93, 80
   12 data 2, 87,  0, 2, 85,  0,10,165,  0
   13 data10, 10,  0,10,  2,128,10,  2,128
   14 data 2,133,128, 3,133,  0, 3,247,  0
   15 data 3,252,196, 7,243,212, 5,207,212
   16 data 5, 81, 84, 1, 81, 80, 1, 81, 64
   19 data 0
   20 data 0,243,192, 3,253,  0, 3,214, 16
   21 data 3, 85, 84, 0, 93, 84, 0, 87, 16
   22 data 2, 85,  0, 2,165,  0,10,170,  0
   23 data10,138,  0,10,130,128,10,130,128
   24 data 2,130,128, 3,130,  0, 3,215,  0
   25 data 3,215,  0, 0,252,  0, 0,253,  0
   26 data 0, 85, 64, 0, 85, 64, 0, 69, 64
   29 data 0
   30 data 0,  0,  0, 3,207,  0, 4,127,192
   31 data20,151,192,21, 85,192, 5,117,  0
   32 data 0,213,128, 0, 85,128, 0, 90,160
   33 data 0,160,160, 2,128,160, 2,128,160
   34 data 2, 82,128, 0, 82,192, 0,223,192
   35 data19, 63,192,23,207,208,23,243, 80
   36 data21, 69, 80, 5, 69, 64, 1, 69, 64
   39 data 0
   40 data 3,207,  0, 0,127,192, 4,151,192
   41 data21, 85,192,21,117,  0, 4,213,  0
   42 data 0, 85,128, 0, 90,128, 0,170,160
   43 data 0,162,160, 2,130,160, 2,130,160
   44 data 2,130,128, 0,130,192, 0,215,192
   45 data 0,215,192, 0, 63,  0, 0,127,  0
   46 data 1, 85,  0, 1, 85,  0, 1, 81,  0
   49 data 0

