

;mc-sprite kompl..prg ==4000==
   10 data 0,  0,  0, 0,243,192, 3,253, 16
   11 data 3,214, 20, 3, 85, 84, 0, 93, 80
   12 data 2, 87,  0, 2, 85,  0,10,165,  0
   13 data10, 10,  0,10,  2,128,10,  2,128
   14 data 2,133,128, 3,133,  0, 3,247,  0
   15 data 3,252,196, 7,243,212, 5,207,212
   16 data 5, 81, 84, 1, 81, 80, 1, 81, 64
   19 data 0
   20 data 0,243,192, 3,253,  0, 3,214, 16
   21 data 3, 85, 84, 0, 93, 84, 0, 87, 16
   22 data 2, 85,  0, 2,165,  0,10,170,  0
   23 data10,138,  0,10,130,128,10,130,128
   24 data 2,130,128, 3,130,  0, 3,215,  0
   25 data 3,215,  0, 0,252,  0, 0,253,  0
   26 data 0, 85, 64, 0, 85, 64, 0, 69, 64
   29 data 0
   30 data 0,  0,  0, 3,207,  0, 4,127,192
   31 data20,151,192,21, 85,192, 5,117,  0
   32 data 0,213,128, 0, 85,128, 0, 90,160
   33 data 0,160,160, 2,128,160, 2,128,160
   34 data 2, 82,128, 0, 82,192, 0,223,192
   35 data19, 63,192,23,207,208,23,243, 80
   36 data21, 69, 80, 5, 69, 64, 1, 69, 64
   39 data 0
   40 data 3,207,  0, 0,127,192, 4,151,192
   41 data21, 85,192,21,117,  0, 4,213,  0
   42 data 0, 85,128, 0, 90,128, 0,170,160
   43 data 0,162,160, 2,130,160, 2,130,160
   44 data 2,130,128, 0,130,192, 0,215,192
   45 data 0,215,192, 0, 63,  0, 0,127,  0
   46 data 1, 85,  0, 1, 85,  0, 1, 81,  0
   49 data 0
  140 for aa=2048 to 2303
  160 read ab
  180 poke aa,ab
  190 next
  200 v=53248
  220 poke v+28,1
  230 poke v+39,6
  240 poke v+37,10
  241 poke v+38,1
  250 poke v+32,11
  251 poke v+33,11
  260 poke v+0,80
  261 poke v+1,80
  280 poke 2040,32
  300 poke v+21,1
  310 x=0:y=0
  320 p2=peek(56320)
  321 if (p2 and 1)=0 then y=-4
  322 if (p2 and 2)=0 then y=+4
  323 if (p2 and 4)=0 then x=-4:xb=2
  324 if (p2 and 8)=0 then x=+4:xb=0
  325 gosub 500
  330 if x=0 and y=0 then 320
  335 gosub 500
  340 poke 2040,32+xb
  345 gosub 500
  350 poke 2040,33+xb
  355 gosub 500
  400 goto 310
  500 bw=bw+x
  501 cw=cw+y
  505 if bw>344 then bw=0
  506 if bw<0 then bw=bw+344
  507 if cw>242 then cw=0
  508 if cw<0 then cw=cw+242
  510 bh=int(bw/256):bl=bw-bh*256
  520 poke v+0,bl
  521 poke v+1,cw
  530 poke v+16,bh
  540 if bw>320 then bw=0
  560 for w=0 to 50:next
  600 return

