

;tastaturbelegung.prg ==0801==
    0 data120,162,53,142,8,3,162,192,142,9,3,169,0,133,251,133,253,169,160
    1 data133,252,169,224,133,254,162,32,160,0,177,251,145,251,177,253,145
    2 data253,200,208,245,230,254,230,252,202,208,238,169,53,133,1,88,96,32
    3 data115,0,201,33,240,6,32,121,0,76,231,167,32,115,0,32,158,183,134,2
    4 data160,0,224,64,144,14,224,128,144,8,224,192,144,2,200,200,200,200,200
    5 data200,152,170,189,121,235,133,251,189,122,235,133,252,165,2,41,63,170
    6 data189,135,192,133,2,32,253,174,32,158,183,138,164,2,145,251,169,53
    7 data133,1,76,174,167,234,46,10,28,20,18,14,21,26,29,33,34,37,42,36,39
    8 data38,41,62,17,13,22,30,31,9,23,25,12,64,48,64,54,57,60,2,7,0,51,63
    9 data1,4,5,6,49,40,47,43,44,55,56,59,8,11,16,19,24,27,32,35,45,50,64,53,64,3
   10 fori=49152to49350:reada:pokei,a:next
   11 rem  aktivieren   sys49152
   12 rem  syntax       !a,b
   13 :
   14 rem  ******************************
   15 rem  ***    prgrammiert von:    ***
   16 rem  ***   andreas  schindler   ***
   17 rem  ***        mai 1986        ***
   18 rem  ******************************

