

;das boot_lader.prg ==0801==
    0 print"{clr}{down}{down}load"chr$(34)"das boot"chr$(34)",8";:print"{home}";
    1 fori=256to264:poke5120+i,0:next
    2 fori=0to1463:reada:poke5120+i,a:next:new
    9 data0,0,0,0,0,0,0,0
   10 data63,63,51,51,63,115,115,115
   11 data62,51,51,60,51,115,127,126
   12 data63,63,51,48,48,115,127,127
   13 data60,62,51,51,51,115,127,127
   14 data63,63,51,60,60,115,127,127
   15 data63,63,48,60,60,112,112,112
   16 data63,63,51,48,55,115,127,127
   17 data51,51,51,63,63,115,115,115
   18 data63,63,28,28,28,124,127,127
   19 data30,30,6,6,102,103,127,63
   20 data51,54,60,56,56,124,118,115
   21 data48,48,48,48,48,115,127,127
   22 data49,59,63,53,49,113,113,113
   23 data51,59,63,55,51,115,115,115
   24 data63,63,51,51,51,115,127,127
   25 data62,63,51,63,62,112,112,112
   26 data63,63,51,51,55,118,127,123
   27 data63,63,51,63,63,124,118,115
   28 data30,63,56,30,7,115,127,126
   29 data63,63,12,12,12,28,28,28
   30 data51,51,51,51,51,115,127,127
   31 data51,51,51,51,51,115,126,124
   32 data49,49,49,49,53,127,123,113
   33 data51,51,51,51,12,115,115,115
   34 data102,102,102,24,24,120,126,126
   35 data63,63,6,12,24,112,127,127
   50 data128,175,255,255,31,31,255,127
   60 data119,121,119,126,127,121,127,127
   70 data127,127,127,127,127,127,127,127
   80 data127,126,255,191,191,209,255,255
   90 data0,223,223,159,191,255,255,129
   91 data0,0,0,0,0,0,0,0
  100 data128,128,128,0,129,255,255,255
  109 data0,0,0,0,0,0,0,0
  110 data255,255,255,255,255,129,128,128
  120 data128,0,1,255,255,255,255,255
  130 data0,252,255,255,251,247,255,255
  140 data255,255,255,255,255,255,255,254
  150 data252,248,255,255,191,223,223,255
  160 data255,255,255,127,255,255,191,156
  170 data3,3,3,131,195,199,231,231
  180 data224,227,231,239,207,159,159,31
  190 data31,31,15,159,223,255,255,255
  200 data255,255,255,207,207,135,3,0
  210 data227,225,255,255,255,255,255,178
  220 data255,255,255,255,253,248,248,248
  225 data248,248,248,248,248,248,248,248
  230 data126,126,102,102,102,102,126,126
  231 data12,28,60,124,12,12,12,12
  232 data126,126,102,110,28,56,126,126
  233 data126,126,6,62,62,6,126,126
  234 data96,96,108,126,126,12,12,12
  235 data126,126,96,126,126,6,126,126
  236 data126,126,96,126,126,102,126,126
  237 data126,126,102,14,28,56,48,48
  238 data126,126,102,126,126,102,126,126
  239 data126,126,102,126,126,6,126,126
  240 data248,253,255,255,223,215,243,243
  250 data255,255,254,254,231,195,129,0
  260 data248,254,255,255,249,249,255,255
  270 data255,255,239,247,255,255,255,255
  280 data255,255,255,191,191,255,254,248
  290 data255,255,127,54,127,247,231,0
  300 data1,7,15,159,159,255,255,255
  310 data255,255,255,239,239,223,255,255
  320 data255,255,255,159,159,15,7,1
  330 data143,251,252,255,127,95,207,0
  340 data255,255,255,255,191,251,241,241
  350 data225,225,225,225,161,193,225,225
  360 data241,251,255,223,191,255,255,255
  370 data240,248,248,248,248,240,224,0
  380 data240,253,255,255,239,239,247,255
  390 data255,255,255,255,223,255,247,255
  400 data255,255,255,247,247,254,252,240
  410 data0,0,3,15,31,31,31,31
  420 data31,255,255,247,251,255,255,255
  430 data159,159,159,159,191,189,191,191
  440 data191,175,175,63,63,31,15,3
  450 data0,120,200,248,152,248,248,248
  460 data255,255,255,207,255,255,255,252
  470 data248,248,240,248,248,240,248,248
  480 data248,255,255,255,253,205,243,0
  490 data128,128,128,128,128,128,128,0
  500 data0,128,128,0,128,128,128,0
  510 data0,7,1,1,7,3,3,0
  520 data3,3,3,3,3,3,3,3
  530 data0,231,255,255,255,243,243,243
  540 data115,243,243,243,243,243,243,227
  550 data0,128,192,224,240,240,144,241
  560 data247,255,255,255,255,240,227,199
  570 data0,0,0,0,0,0,248,252
  580 data254,255,255,191,31,255,255,255
  590 data0,0,0,0,0,0,15,31
  600 data63,127,255,252,254,254,255,191
  610 data0,0,0,0,0,0,224,240
  611 data0,0,0,0,0,0,0,0
  620 data248,248,248,248,248,0,0,192
10020 data0,0,3,63,117,63,0,0
10022 data0,196,200,254,87,254,0,0
10024 data0,0,1,31,58,31,0,0
10026 data0,98,228,255,171,255,0,0
10028 data0,0,0,0,128,0,0,0
10030 data0,0,0,15,29,15,0,0
10032 data0,49,242,255,85,255,0,0
10034 data0,0,0,128,192,128,0,0
10036 data0,0,0,7,14,7,0,0
10038 data0,24,121,255,170,255,0,0
10040 data0,128,0,192,224,192,0,0
10042 data0,0,0,3,7,3,0,0
10044 data0,12,60,255,85,255,0,0
10046 data0,64,128,224,112,224,0,0
10048 data0,0,0,1,3,1,0,0
10050 data0,6,30,255,170,255,0,0
10052 data0,32,64,240,184,240,0,0
10054 data0,0,0,0,1,0,0,0
10056 data0,3,15,255,213,255,0,0
10058 data0,16,32,248,92,248,0,0
10100 data0,3,63,117,63,0,0,0
10102 data196,200,254,87,254,0,0,0
10104 data0,0,0,0,0,0,0,196
10106 data3,63,117,63,0,0,0,0
10108 data200,254,87,254,0,0,0,0
10110 data0,0,0,0,0,0,0,3
10112 data0,0,0,0,0,0,196,200
10114 data63,117,63,0,0,0,0,0
10116 data254,87,254,0,0,0,0,0
10118 data0,0,0,0,0,0,3,63
10120 data0,0,0,0,0,196,200,254
10126 data117,63,0,0,0,0,0,0
10128 data87,254,0,0,0,0,0,0
10130 data0,0,0,0,0,3,63,117
10132 data0,0,0,0,196,200,254,87
10134 data63,0,0,0,0,0,0,0
10136 data254,0,0,0,0,0,0,0
10138 data0,0,0,0,3,63,117,63
10140 data0,0,0,196,200,254,87,254
10142 data0,0,0,3,63,117,63,0
10144 data0,0,196,200,254,87,254,0
20000 data0,0,0,45,111,255,255,255
20002 data0,8,24,59,127,255,255,255
20004 data0,0,0,144,248,252,252,254
20006 data254,254,252,248,252,254,254,252
20008 data252,248,240,224,192,252,252,254
20010 data252,254,255,255,255,255,255,255
20012 data31,127,127,255,255,255,255,255
20014 data63,127,63,63,127,15,31,63
20016 data15,31,15,7,1,3,7,31
20018 data63,127,63,63,63,127,45,0
20020 data255,254,252,254,255,254,126,34
20022 data17,63,127,63,127,255,127,63
20024 data255,255,255,255,254,188,24,8
20026 data195,36,24,255,90,255,0,0
20028 data255,255,255,255,255,255,255,255
21002 data0,0,4,61,113,55,0,0
21004 data2,68,128,222,71,246,0,0
21006 data192,97,0,13,65,237,192,0
21008 data48,3,7,174,36,128,48,24
21010 data48,97,192,1,36,116,48,0
21012 data130,198,128,33,18,0,6,6
21013 data0,0,0,0,0,0,0,0
21014 data31,43,85,251,173,250,172,248
21020 rem verg. u-boot
21030 data0,136,144,252,174,252,0,0
21040 data0,1,7,127,234,127,0,0
21100 data0,0,24,60,24,0,0,0
21110 data132,68,36,18,11,7,207,63
21120 data65,66,132,136,208,224,243,252
21130 data15,31,39,203,18,36,72,136
21140 data240,248,228,211,72,68,34,33
21150 data15,30,60,124,120,248,240,240
21160 data240,240,248,120,124,60,30,15
21170 data16,16,56,254,56,16,16,0
21180 data0,0,0,0,4,46,127,255
21190 data1,1,3,71,79,239,255,255
21200 data128,128,192,226,224,247,255,255
21210 data129,131,195,225,231,239,239,255
21220 data3,15,47,119,251,253,253,254
21230 data0,60,126,255,255,255,255,127
21240 data0,60,126,127,255,255,255,255
21250 data0,60,126,255,255,255,255,254
21260 data127,255,255,255,255,126,60,0
21270 data255,255,255,255,254,124,56,0
21280 data254,255,255,255,255,126,60,0

