

;hyper-graphics.prg ==0801==
   10 rem ******************************
   20 rem *       hyper-graphics       *
   30 rem * (c) 1985 by joachim brocke *
   40 rem *  dietrich-bonhoefferstr.5  *
   50 rem *  4790 paderborn            *
   60 rem ******************************
   70 print"{clr}{rvon}>>> hyper-graphics <<<"
   80 printtab(7)"(c) 1985"spc(31)"by joachim brocke
   90 print"{down}{rvon}    bitte warten !    "
  100 rem daten einpoken
  110 fori=0to831
  120 readx:a=a+x
  130 pokei+8192+1024,x
  140 next
  150 rem test auf korrekte dateneingabe
  160 ifa<>97379thenprint"{rvon}fehler in datazeilen !":end
  170 rem programmstart
  180 sys9980
  190 rem maschinenprogramm in data-zeilen
  200 data190,190,190,160,136,153,144,133,146,173,135,146,129,144,136,137,131
  210 data147,160,188,188,188,63,84,79,79,32,77,65,78,89,32,67,72,65,82,65,67
  220 data84,69,82,83,0,26,52,78,104,130,156,182,208,234,4,30,56,82,108,134,16
  230 data16,16,16,16,16,16,16,16,16,17,17,17,17,17,17,128,64,32,16,8,4,2,1,9
  240 data19,26,33,255,204,40,67,41,32,49,57,56,53,32,66,89,32,74,79,65,67,72
  250 data73,77,32,66,82,79,67,75,69,76,135,36,76,53,37,76,112,37,76,27,38,76
  260 data129,38,76,162,38,76,220,36,173,5,144,201,204,240,51,160,6,185,81,36
  270 data153,255,143,136,208,247,162,208,189,255,31,157,255,15,189,207,32,157
  280 data207,16,189,159,33,157,255,147,189,111,34,157,207,148,202,208,229,162
  290 data112,189,63,35,157,159,17,202,208,247,96,40,3,41,32,49,57,56,53,32,2
  300 data25,32,10,15,1,3,8,9,13,32,2,18,15,3,11,5,173,5,144,201,192,240,43,162
  310 data208,189,255,15,157,255,31,189,207,16,157,207,32,189,255,147,157,159
  320 data33,189,207,148,157,111,34,202,208,229,162,112,189,159,17,157,63,35,202
  330 data208,247,32,95,229,160,2,162,22,189,255,35,157,249,17,152,157,249,149
  340 data202,208,243,160,6,185,227,237,153,255,143,136,208,247,169,34,141,1,144
  350 data169,48,141,3,144,96,169,26,162,208,157,255,15,157,207,16,157,255,31
  360 data157,207,32,202,208,241,162,96,169,0,157,159,17,157,159,33,202,208,247
  370 data169,18,133,252,169,0,133,251,162,14,168,145,251,136,208,251,230,252
  380 data202,208,246,169,255,141,168,2,96,32,191,37,32,253,206,32,158,215,142
  390 data173,2,32,235,37,201,26,208,12,173,168,2,201,27,144,32,206,168,2,145
  400 data251,32,254,37,17,253,145,253,165,252,24,105,132,133,252,172,169,2,173
  410 data173,2,145,251,96,169,0,133,62,32,220,36,169,22,160,36,32,30,203,76,98
  420 data196,32,220,36,162,14,76,55,196,32,253,206,32,158,215,224,208,176,238
  430 data138,74,74,74,141,169,2,138,41,7,141,170,2,32,253,206,32,158,215,138
  440 data74,74,74,74,141,171,2,138,41,15,141,172,2,96,172,171,2,185,42,36,133
  450 data251,185,58,36,133,252,172,169,2,177,251,96,168,74,74,74,74,24,105,16
  460 data133,254,152,10,10,10,10,24,133,253,173,170,2,170,189,74,36,172,172,2
  470 data96,32,191,37,32,235,37,201,26,240,94,141,174,2,32,254,37,73,255,49,253
  480 data145,253,160,0,177,253,208,73,200,192,16,208,247,172,169,2,169,26,145
  490 data251,238,168,2,162,208,189,207,16,205,168,2,240,17,189,255,15,240,3,202
  500 data208,240,173,174,2,157,255,15,76,103,38,173,174,2,157,207,16,165,253
  510 data133,251,165,254,133,252,173,168,2,32,254,37,160,0,177,253,145,251,200
  520 data192,16,208,247,96,32,220,36,32,253,206,32,209,225,173,168,2,141,255
  530 data35,162,0,160,36,138,133,253,169,18,133,254,169,253,133,185,76,216,255
  540 data32,220,36,32,253,206,32,209,225,169,1,133,185,169,0,32,213,255,173,255
  550 data35,141,168,2,96,72,138,72,152,72,173,29,145,16,37,45,30,145,170,41
  560 data2,240,32,44,17,145,32,52,247,32,225,255,208,18,32,82,253,32,240,38,32
  570 data249,253,32,24,229,32,220,36,108,2,192,76,86,255,76,222,254,169,187,141
  580 data24,3,169,38,141,25,3,96,120,32,240,38,173,0,3,141,58,39,173,1,3,141
  590 data59,39,169,45,141,0,3,169,39,141,1,3,32,220,36,169,39,133,44,141,130
  600 data2,169,64,133,43,141,129,2,32,68,198,88,76,116,196,142,57,39,32,220,36
  610 data174,57,39,108,58,39,28,58,196,0,0,0,0

