

;imperium i.prg ==0801==
    5 print"{clr}{down}{down}{down}{down}{rght}bitte 7 sec. warten!"
    6 fori=5120to6423:readk:pokei,k:s=s+k:next:ifs<>142823thenprint"fehler in datas!":stop
    7 remfori=6400to6407:pokei,255:next
    8 print"{down}laden sie nun das     {down}hauptprogramm!":end
   10 data 255, 255, 255, 255, 255, 255, 255, 255
   11 data  0, 7, 31, 31, 63, 63, 127, 255
   12 data 15, 63, 31, 255, 255, 255, 255, 255
   13 data 48, 60, 126, 63, 191, 191, 191, 255
   14 data 0, 176, 240, 240, 252, 252, 253, 255
   15 data 8, 30, 7, 19, 15, 15, 15, 1
   16 data 255, 255, 127, 63, 31, 31, 31, 15
   17 data 7, 31, 15, 7, 7, 7, 7, 3
   18 data 3, 1, 1, 1, 3, 3, 1, 5
   19 data 5, 13, 14, 15, 31, 31, 31, 31
   20 data 31, 63, 63, 127, 127, 255, 255, 255
   21 data 0, 0, 0, 224, 251, 255, 255, 255
   22 data 224, 240, 254, 255, 255, 255, 255, 255
   23 data 0, 0, 0, 152, 252, 252, 254, 255
   24 data 127, 15, 1, 0, 0, 0, 0, 0
   25 data 255, 255, 255, 255, 255, 254, 254, 248
   26 data 254, 240, 224, 192, 192, 192, 0, 0
   27 data 254, 254, 254, 252, 252, 254, 254, 255
   28 data 254, 248, 224, 192, 192, 128, 128, 0
   29 data 255, 255, 255, 255, 255, 255, 255, 254
   30 data 255, 255, 255, 255, 254, 252, 120, 0
   31 data 255, 252, 248, 248, 240, 240, 224, 240
   32 data 248, 248, 240, 224, 0, 0, 0, 0
   33 data 191, 63, 31, 7, 0, 0, 0, 0
   34 data 255, 255, 254, 252, 248, 112, 0, 0
   35 data 255, 255, 255, 255, 255, 255, 253, 252
   36 data 255, 255, 255, 255, 255, 255, 255, 127
   37 data 31, 7, 1, 1, 1, 3, 3, 1
   38 data 255, 255, 255, 255, 255, 127, 63, 31
   39 data 31, 15, 7, 7, 3, 1, 1, 0
   40 data 240, 248, 248, 252, 252, 252, 254, 254
   41 data 128, 128, 128, 192, 192, 224, 224, 240
   42 data 0, 0, 0, 0, 0, 0, 0, 0
   43 data 255, 255, 127, 39, 7, 7, 3, 3
   44 data 255, 255, 171, 131, 131, 147, 147, 255
   45 data 128, 0, 0, 128, 224, 240, 248, 255
   46 data 255, 255, 255, 249, 248, 240, 240, 240
   47 data 128, 192, 224, 224, 112, 48, 48, 32
   48 data 224, 248, 248, 252, 252, 252, 124, 96
   49 data 224, 224, 224, 192, 128, 0, 0, 0
   50 data 1, 1, 1, 1, 91, 243, 240, 224
   51 data 224, 224, 224, 224, 224, 224, 192, 0
   52 data 127, 63, 31, 3, 1, 1, 0, 0
   53 data 0, 0, 0, 160, 224, 252, 255, 255
   54 data 0, 0, 1, 1, 1, 3, 3, 1
   55 data 192, 128, 128, 192, 240, 248, 248, 248
   56 data 128, 128, 196, 220, 252, 248, 248, 240
   57 data 191, 255, 255, 255, 255, 255, 255, 255
   58 data 0, 0, 0, 0, 0, 0, 12, 159
   59 data 0, 0, 0, 0, 0, 0, 12, 252
   60 data 0, 0, 0, 0, 0, 0, 32, 61
   62 data 0, 0, 0, 0, 248, 252, 254, 254
   63 data 0, 0, 0, 0, 62, 255, 255, 255
   64 data 0, 0, 0, 240, 255, 255, 255, 255
   65 data 0, 0, 0, 0, 0, 71, 239, 255
   66 data 0, 0, 0, 0, 0, 7, 31, 63
   67 data 0, 0, 0, 0, 208, 240, 252, 255
   68 data 192, 128, 131, 131, 129, 129, 128, 128
   69 data 255, 255, 255, 255, 255, 255, 255, 243
   70 data 255, 255, 255, 191, 159, 143, 175, 167
   71 data 7, 23, 11, 3, 23, 3, 3, 1
   72 data 255, 127, 47, 7, 3, 9, 40, 3
   73 data 1, 0, 0, 0, 0, 0, 0, 0
   74 data 255, 63, 31, 15, 7, 3, 1, 0
   75 data 127, 63, 63, 127, 255, 255, 127, 255
   76 data 255, 127, 127, 255, 127, 63, 31, 15
   77 data 7, 7, 7, 3, 3, 1, 1, 0
   78 data 127, 255, 255, 127, 0, 10, 63, 127
   79 data 0, 2, 0, 0, 4, 2, 0, 0
   80 data 63, 63, 31, 31, 31, 31, 29, 9
   81 data 1, 1, 0, 0, 0, 0, 0, 0
   82 data 176, 144, 0, 32, 0, 0, 0, 0
   83 data 241, 240, 248, 208, 192, 192, 224, 224
   84 data204,198,227,253,126,62,191,255
   85 data0,0,128,128,192,64,32,0
   86 data128,192,192,224,224,224,192,192
   87 data254,254,255,191,63,188,156,150
   88 data 0, 0, 0, 128, 128, 0, 0, 0
   89 data 255, 255, 255, 255, 255, 255, 249, 240
   90 data 0, 0, 0, 128, 224, 240, 248, 255
   91 data 28, 26, 51, 39, 15, 31, 31, 63
   92 data3,127,255,255,255,255,255,255
   93 data0,198,255,255,127,255,255,255
   94 data224,252,252,249,224,128,1,3
   95 data128,128,192,224,224,192,192,224
   96 data240,128,0,0,0,128,128,128
   97 data240,240,240,240,240,240,240,240
   98 data255,255,254,254,244,240,240,240
   99 data224,192,128,128,0,0,0,0
  100 data255,255,255,254,252,240,224,224
  101 data63,103,15,103,39,7,7,15
  102 data3,3,223,207,79,65,0,0
  103 data255,127,63,255,7,7,31,28
  104 data255,255,255,255,255,255,191,63
  105 data0,28,28,28,16,0,0,0
  106 data0,0,0,0,0,0,64,0
  107 data0,0,0,0,0,0,0,0
  108 data0,4,0,0,0,2,2,0
  109 data0,0,1,3,7,1,129,192
  110 data0,0,135,199,192,128,128,0
  111 data0,0,0,1,3,3,3,3
  112 data3,3,3,3,3,1,0,1
  113 data192,128,128,128,128,0,0,0
  114 data0,128,128,128,128,128,128,0
  115 data49,55,63,63,31,63,63,63
  116 data31,31,31,63,63,63,59,49
  117 data0,128,128,128,128,0,0,0
  118 data0,0,0,0,0,0,32,48
  119 data240,224,192,0,0,0,0,0
  120 data248,0,0,0,0,0,0,0
  121 data239,199,239,199,187,187,199,255
  122 data63,63,63,31,15,15,1,0
  123 data62,6,0,0,0,0,0,0
  124 data1,65,65,192,192,192,192,192
  125 data231,231,231,0,0,231,231,231
  126 data255,255,231,195,129,153,255,255
  127 data255,255,251,227,195,147,147,255
  128 data11,205,255,255,255,255,255,255
  129 data0,1,3,3,1,1,7,7
  130 data8,32,79,7,71,67,195,231
  131 data24,63,255,255,255,255,255,255
  132 data127,255,255,255,255,255,255,255
  133 data124,124,62,62,127,127,255,63
  134 data124,252,252,60,56,61,61,60
  135 data15,31,63,63,127,127,127,124
  136 data192,192,128,192,192,128,0,0
  137 data4,30,30,156,220,220,134,0
  138 data0,48,32,0,0,152,188,255
  139 data180,240,249,249,249,251,255,255
  140 data3,7,191,255,255,255,255,255
  141 data0,0,0,0,0,0,0,1
  142 data0,0,0,0,24,56,248,254
  143 data7,7,39,39,63,63,63,127
  144 data3,3,3,3,1,1,3,3
  145 data0,0,0,1,1,1,3,3
  146 data63,60,60,60,120,60,12,0
  147 data255,255,127,127,255,255,255,127
  148 data254,252,252,252,252,253,248,224
  149 data0,0,0,0,128,128,0,0
  150 data224,0,0,0,0,0,0,0
  151 data255,255,239,207,159,147,255,255
  160 data 48, 48, 24, 24, 12, 12, 6, 6
  161 data 0, 137, 205, 116, 84, 68, 36, 34
  162 data 0, 243, 10, 138, 146, 227, 129, 65
  163 data 0, 231, 4, 4, 4, 199, 5, 5
  164 data 0, 130, 66, 68, 68, 132, 8, 8
  165 data 0, 17, 33, 33, 34, 66, 68, 69
  166 data 0, 66, 102, 108, 180, 168, 136, 16
  167 data 6, 3, 0, 0, 0, 0, 1, 2
  168 data 34, 18, 0, 0, 0, 0, 240, 35
  169 data 65, 65, 0, 0, 0, 0, 0, 137
  170 data 4, 196, 0, 0, 0, 0, 0, 24
  171 data 136, 136, 0, 0, 0, 0, 0, 144
  172 data 73, 49, 0, 0, 0, 0, 0, 12
  173 data 16, 16, 0, 0, 0, 0, 0, 128
  174 data 4, 7, 10, 18, 34, 33, 65, 65
  175 data 68, 136, 16, 17, 33, 35, 38, 28
  176 data 203, 213, 149, 161, 33, 33, 65, 65
  177 data 36, 36, 60, 36, 66, 66, 66, 66
  178 data 202, 201, 169, 164, 148, 138, 134, 131
  179 data0,0,0,0,0,0,0,0
  180 data 42, 21, 20, 138, 74, 69, 36, 24
  181 data 192, 224, 160, 16, 16, 8, 132, 130

