

;out-break i.prg ==1201==
  100 rem *** out-break teil 1 ***
  110 print"{clr}{down}{down}{down}{down}{down}{down}{down}{down}{down}    copyright by        {down}  gudrun disser"
  120 fori=7168to7168+391:reada:pokei,a:next
  130 print"{clr}{red}{down}{down}{down}{down}{down}    laden sie jetzt   {down}      out-break 2"
  140 poke44,30:poke7680,0:new
  150 data 0, 0, 0, 0, 0, 0, 0, 0
  160 data 1, 1, 3, 7, 15, 15, 63, 63
  170 data 0, 192, 192, 224, 240, 240, 252, 252
  180 data 63, 63, 63, 63, 31, 15, 7, 7
  190 data 252, 252, 252, 252, 248, 240, 224, 224
  200 data 3, 4, 8, 48, 64, 128, 128, 128
  210 data 0, 96, 156, 14, 252, 12, 30, 63
  220 data 51, 55, 51, 55, 55, 63, 63, 55
  230 data 55, 55, 55, 51, 63, 63, 63, 33
  240 data 0, 0, 0, 0, 0, 0, 0, 12
  250 data 0, 0, 0, 0, 0, 48, 112, 240
  260 data 255, 139, 219, 217, 255, 0, 0, 0
  270 data 240, 240, 240, 240, 240, 112, 48, 0
  280 data 255, 255, 255, 255, 255, 126, 48, 0
  290 data 255, 255, 243, 161, 0, 0, 0, 0
  300 data 255, 255, 255, 255, 98, 0, 0, 0
  310 data 3, 3, 3, 15, 31, 23, 103, 157
  320 data 192, 192, 192, 240, 248, 252, 215, 77
  330 data 3, 3, 3, 3, 3, 3, 3, 3
  340 data 192, 192, 192, 192, 192, 192, 192, 192
  350 data 101, 63, 53, 85, 93, 43, 51, 17
  360 data 4, 15, 18, 28, 63, 55, 77, 95
  370 data 240, 40, 124, 204, 214, 250, 86, 124
  380 data 164, 246, 188, 208, 152, 232, 144, 144
  390 data 165, 218, 151, 109, 89, 146, 75, 181
  400 data 255, 254, 252, 252, 248, 200, 192, 128
  410 data 255, 127, 127, 63, 63, 23, 3, 1
  420 data 1, 2, 2, 12, 48, 64, 128, 128
  430 data 255, 199, 215, 199, 239, 231, 239, 231
  440 data 0, 0, 0, 124, 131, 0, 0, 0
  450 data 0, 0, 0, 0, 195, 60, 0, 0
  460 data 0, 0, 0, 0, 255, 0, 0, 0
  470 data 0, 0, 0, 0, 0, 0, 0, 0
  480 data 255, 255, 255, 255, 255, 255, 255, 255
  490 data 0, 0, 0, 0, 0, 0, 0, 0
  500 data 16, 40, 40, 16, 16, 24, 16, 24
  510 data 129, 66, 60, 165, 126, 24, 36, 195
  520 data 1, 1, 31, 17, 1, 1, 1, 1
  530 data 64, 64, 64, 224, 16, 236, 60, 0
  540 data 16, 16, 16, 16, 56, 124, 254, 0
  550 data 16, 16, 16, 16, 16, 16, 16, 0
  560 data 255, 136, 218, 216, 217, 218, 255, 255
  570 data 255, 145, 183, 145, 189, 145, 255, 255
  580 data 255, 17, 85, 81, 83, 21, 255, 255
  590 data 255, 247, 213, 227, 193, 227, 213, 247
  600 data 127, 85, 106, 53, 42, 53, 26, 21
  610 data 254, 170, 86, 172, 84, 172, 88, 168
  620 data 26, 13, 10, 13, 10, 13, 10, 15
  630 data 88, 176, 80, 176, 80, 176, 80, 240

